00010000 00011100 
00011010 00101000 
00001000 00000010 
00000010 00000001 
00000001 00000000 
00000000 00000000 
00000000 00000000 
00000000 00000000 
00000000 00000000 
00000000 00000000 
00000000 00000000 
00000000 00000000 
00000001 00011001 
11000111 00010001 
11001000 00010101 
11100111 00000111 
11101000 00001000 
11010010 10001010 
10110010 00000000 
00110100 00100000 
00111011 01010000 
00111100 01100000 
11000111 00010010 
11001000 00010110 
11100111 00000111 
11101000 00001000 
11010010 10001010 
10110010 00000000 
00110100 00100000 
00111011 01011011 
00111100 01101100 
11000111 00010011 
11001000 00010111 
11100111 00000111 
11101000 00001000 
11010010 10001010 
10110010 00000000 
00110100 00100000 
00111011 01011011 
00111100 01101100 
11000111 00010100 
11001000 00011000 
11100111 00000111 
11101000 00001000 
11010010 10001010 
10110010 00000000 
00110100 00100000 
00111100 01101100 
00111011 01011011 
11011101 00000000 
11001110 00000000 
11010010 00001000 
10000010 11010010 
11010010 10000100 
00010010 00000010 
11010010 00000001 
01000011 00110010 
11111101 00000011 
11010010 00000001 
01000011 00110010 
11111110 00000011 
11101101 00001110 
11101110 00011110 
01001101 11001101 
01001110 10111110 
00110010 11011110 
11101110 00000011 
11010010 00000001 
00110011 00110010 
11101101 00000011 
11010010 00000001 
00110011 00110010 
11010010 10000100 
00010000 00100010 
11010010 00000001 
00111101 11010010 
11010010 00000010 
00111110 11100010 
10110000 01001100 
11010010 00000001 
00111101 11010010 
00000001 00000000 
11010010 00000001 
01000011 00110010 
11111011 00000011 
11010010 00000001 
01000011 00110010 
11111100 00000011 
10001011 01111000 
11010010 10100010 
00011011 00000010 
00111011 01110000 
00111100 10000000 
10110000 10100110 
00111011 10000000 
00111100 01110000 
11010101 00000000 
11010110 00000000 
11010010 00000000 
10000010 10110010 
01110010 00100000 
11010010 11000010 
00010010 00000010 
00110101 01011100 
11010111 00000010 
11010010 00000001 
00111011 10110010 
11010010 11010000 
00100001 01110010 
10110000 10101010 
11101100 00000011 
11010010 00000001 
00110011 00110010 
11101011 00000011 
11010010 00000001 
00110011 00110010 
10110100 00000000 
11010010 00000001 
00110110 01100010 
10110000 10101010 